Window	CG_Weighted_mC	CHG_Weighted_mC	CHH_Weighted_mC
1	0.3333021909736405	0.11416889730854199	0.03318962302525932
2	0.33818262987800735	0.11578072446368297	0.03349921205355333
3	0.331323495802088	0.11560890334019527	0.0339932819150036
4	0.34778999948459804	0.11660393500426762	0.03430132980264712
5	0.3395395574785108	0.11736724173208306	0.034165737885058244
6	0.34554787250174385	0.11910142984185595	0.034045354604942256
7	0.338582837257531	0.11802798279594165	0.034529725905679536
8	0.3365272277201504	0.12069346795738942	0.0339198719454036
9	0.3457134487148144	0.12141162053142844	0.034656518971443076
10	0.3427825049927593	0.12453513684835948	0.03538902759145982
11	0.34313475969195906	0.12513733823367398	0.03570865646091469
12	0.33427225677694883	0.12485571809755872	0.035600594024683435
13	0.3329175943009328	0.1276432558481854	0.035293429718413705
14	0.3385672705519235	0.12335486238321709	0.03564093660882789
15	0.32446246952508206	0.12237503341609626	0.03545970974658578
16	0.30869208727723646	0.11654456786829734	0.03449024899340464
17	0.28555371427135856	0.10834313592423352	0.03386283450043622
18	0.2524549324575937	0.0944004590441773	0.033013308275414974
19	0.19358986303922482	0.07446499339498018	0.029994512020735803
20	0.1343301730581474	0.05500528268556485	0.021978068791248816
21	0.09824201333106639	0.039320409249810194	0.01414487203007788
22	0.09332614372595938	0.03360901237245898	0.012602472908897905
23	0.10766323763338417	0.030755295237954474	0.012598098199358967
24	0.12459200412391994	0.032222304976366495	0.012829641464706547
25	0.14584528520387335	0.033143347347969865	0.012999972487412992
26	0.16040969685953982	0.030377492234342267	0.012701895463989551
27	0.1738424009527309	0.03019360864724376	0.012379497534066704
28	0.1774721344789585	0.03015249800842153	0.011918048446655926
29	0.18756830816233327	0.030007906192111276	0.0124614696870791
30	0.19163767995209136	0.03093649316901699	0.012728523957712826
31	0.20016445182210765	0.02960729746444032	0.012561835039468625
32	0.19333682122838866	0.028753644396162313	0.012160546473800658
33	0.18966396639663965	0.028237522093175253	0.012111601113993847
34	0.18885221750002157	0.029086224650263028	0.012146049853292018
35	0.18175539833330775	0.026866757312927127	0.011529743150498125
36	0.180439435127788	0.029401778975851497	0.011958064526236304
37	0.16883230430187438	0.03189487019450069	0.01236135926217223
38	0.15374595258476312	0.030364759298610367	0.012405439663586464
39	0.14318680344893303	0.032845164178596994	0.012156726485620228
40	0.14057518126998853	0.03542141382859049	0.012968304888081015
41	0.18032642894303597	0.049073063306876503	0.018628368674280193
42	0.21356688950162592	0.06011516510844171	0.022773630366706734
43	0.2377112542629784	0.06904715767963782	0.02455416633224419
44	0.26012143260981785	0.07714475105390732	0.0259237692592536
45	0.2725004310913204	0.08315662778231338	0.02679865913452336
46	0.2869418404359276	0.08786047270005262	0.02714448593302136
47	0.2940723912557261	0.09012277102014442	0.027646189613593067
48	0.2978557541886476	0.0935263748379044	0.028167967246165604
49	0.2976214517040689	0.09615318539025264	0.02865165277303529
50	0.29809151970001224	0.09429316834639426	0.028764379641309065
51	0.2982670385342209	0.09420603688749687	0.02917560184571729
52	0.30389144458314055	0.09485320011104037	0.028570406682489693
53	0.29900603810634846	0.09640815858012523	0.029036126317698568
54	0.3045005868531822	0.09430516599420109	0.02926802669532204
55	0.3118043798659851	0.09760890009404326	0.029698747860341875
56	0.31731472374923525	0.09937348200485759	0.029217626576063114
57	0.3231536359838525	0.098356623253256	0.02976538447445942
58	0.30995491052557417	0.09458894528912717	0.029654182289561352
59	0.31062242006556995	0.0959531836751332	0.029829284466121788
60	0.3085557228882455	0.09717856582441756	0.030794701436650432
