Window	CG_Weighted_mC	CHG_Weighted_mC	CHH_Weighted_mC
1	0.33375454434878976	0.1100365699057453	0.033871104404006896
2	0.3381769870506056	0.11193386563365201	0.034398332111347775
3	0.3318004155628221	0.11298861728926811	0.0344482836273969
4	0.3473761688887402	0.11351779251322583	0.0349204164459284
5	0.33988692016678973	0.11557785275849661	0.034956531439120545
6	0.3449846768768367	0.11590227553360381	0.03489124167770394
7	0.33710011591808453	0.11509482000603698	0.035095079304538576
8	0.3366735588454222	0.11847315149824507	0.03477784813251577
9	0.34568448933743023	0.11913775296188854	0.03530186423748166
10	0.3398292236552852	0.12090331337036932	0.03619080870796496
11	0.34315151695343593	0.12132913076487636	0.036470371709840216
12	0.33484224775185284	0.12241311138652984	0.03639794281089576
13	0.3356038803416265	0.12447003714438797	0.03589259571090721
14	0.3378314039206702	0.12042607757102483	0.036471357360173116
15	0.3243757266111757	0.11951261580430089	0.03616930080582248
16	0.3081794531436253	0.1131202341793103	0.03538123660745445
17	0.28450960832331107	0.10542425929827975	0.03463354301513028
18	0.25219589090978783	0.09342760767521681	0.033711888036030806
19	0.19012890408427277	0.07237263756678608	0.030155093982364867
20	0.131475581446157	0.052603151915575456	0.021967363827359827
21	0.09782133514443284	0.03759449051017976	0.013666117713024445
22	0.09044942623668535	0.030742968786895197	0.011965699883015657
23	0.10507109664414449	0.029119740879683522	0.012050717123064771
24	0.12283423793176196	0.029933092703346865	0.012364098860348742
25	0.14461683663062705	0.03114173628760074	0.012538300683485933
26	0.15803860801209924	0.02805681618251361	0.012422245319149032
27	0.17233204315139777	0.028469720839676423	0.012060421807184465
28	0.1743967102239149	0.028043622866376513	0.011519226341238776
29	0.18353338284166631	0.027937258560728075	0.012094890982059611
30	0.19355419924862122	0.0290624511070139	0.01232837677769252
31	0.1981096374178179	0.027560657404166973	0.012168750322436415
32	0.19402628338738623	0.027711238788919332	0.011827500951191273
33	0.18933937479123253	0.026182855911116527	0.01166598561375887
34	0.18812970003309937	0.027669199957144883	0.011719444067113394
35	0.17928991443587894	0.02557708059551027	0.011070701581147539
36	0.17841457806392275	0.026993019187697205	0.011660629418336005
37	0.1654679937282705	0.030662238155088856	0.012145480208854215
38	0.15200399329770736	0.02874398221163728	0.0119852361481151
39	0.14070394424204025	0.031199744115852933	0.011739090098664397
40	0.14106155078775193	0.03519907405246725	0.012834184966238926
41	0.17796084972585574	0.04721327839521178	0.01882767112944172
42	0.21417324265074003	0.05813439260117834	0.02314683325203932
43	0.23899538240555984	0.06767976992545706	0.02508128644742467
44	0.25908161094819987	0.07524893701223069	0.02631845713995383
45	0.2725510713816222	0.08095461414698751	0.02720063198034634
46	0.2876830862911111	0.08585009879972177	0.0275607936422875
47	0.2956044233203666	0.0884024660951218	0.028214551098752524
48	0.29800857823115917	0.09120465788604022	0.028860220761974344
49	0.2992798770575932	0.0950565690422832	0.029504329937640416
50	0.29822383049125156	0.09325385541187158	0.029495489359149543
51	0.29965763753141583	0.0932117371493422	0.030025471212763364
52	0.3057222225378196	0.09317278634845765	0.029237293444966346
53	0.30300447070245834	0.09495326696427832	0.029892642802383303
54	0.30509809257353754	0.0920258968487905	0.030105275398352397
55	0.31240033589046556	0.09541481158033507	0.030327670886848367
56	0.3148244264290471	0.09681979854123168	0.029743631441526506
57	0.3208842475566997	0.09492780308372165	0.030208052477425282
58	0.31119443601010593	0.09247263931870463	0.03024536481384695
59	0.31048639921796306	0.09327054889767672	0.030352733141953452
60	0.30836606693955515	0.09475067396255826	0.031369902871734794
