Window	CG_Weighted_mC	CHG_Weighted_mC	CHH_Weighted_mC
1	0.31082262507629116	0.09626908719211676	0.029559842480434674
2	0.3142413900093081	0.09709582400969459	0.030206762373865867
3	0.2980809522562397	0.09560111046258411	0.029743912001976517
4	0.3153673330363927	0.09582498429883064	0.029828842474660586
5	0.3118519047588128	0.09760477436992433	0.030097029388267946
6	0.30824883458414254	0.09821657953696789	0.02952621427913248
7	0.301871024354495	0.09692170421592683	0.02964984242485814
8	0.3003425838492502	0.09757904917788855	0.029914106920936576
9	0.30438484998533444	0.09997711650078606	0.030167185741361412
10	0.3039091253216782	0.1025359083909086	0.03154850686652765
11	0.3077409133213184	0.10412235268918288	0.031477449392589375
12	0.29797660202558	0.10543663617125565	0.0313707231813406
13	0.3024439086808822	0.10742509871164535	0.031177401434295142
14	0.3035239700756508	0.10422360035829002	0.031107246448705432
15	0.28693317295571696	0.10413031672116752	0.03160856772671095
16	0.26726502562279686	0.09630104239693832	0.030698829673121958
17	0.23717190825254197	0.08627849842480904	0.02948680146901055
18	0.19876520196799466	0.07376823721187449	0.028723259401643213
19	0.1278340440416652	0.04917065742979357	0.024322215805387536
20	0.06699487955901835	0.02788720997088681	0.016289650076529265
21	0.04316126997476871	0.016846556286485723	0.009280128101177369
22	0.04027798901977716	0.012524836993572973	0.007836519336505459
23	0.0550662158354466	0.012494661345193737	0.008323743075625025
24	0.07016976814887114	0.012075525624765545	0.008332439182748976
25	0.08950048720811966	0.012386652873381893	0.008164006094347764
26	0.10824072020253785	0.011601861247927133	0.007819315648324663
27	0.12680335909275786	0.011478838582677165	0.007890821963329452
28	0.1367079102869642	0.01156124623388318	0.007798997492511287
29	0.1444811810226399	0.011652709139119456	0.008171943867719838
30	0.15444959651381268	0.012066583165870127	0.008619991011633304
31	0.16404272968045375	0.012420720438623958	0.008510377010929633
32	0.16065441643851552	0.012269789738766346	0.008816154556767404
33	0.15562059224031055	0.011639758342073	0.008239870185653605
34	0.15178602961085233	0.011494856489342458	0.008075377447107639
35	0.14719742962570068	0.012030199713308319	0.007839582050530503
36	0.1386898021218262	0.012486373165618448	0.008243598715043038
37	0.1291138083316925	0.014988785369220152	0.00875319423469921
38	0.11668093745252663	0.01463355491009536	0.008613830417700126
39	0.0985248781313712	0.015100851524833155	0.008813026264280458
40	0.08703458367112886	0.015488915128514217	0.009300779964404739
41	0.12734710300429183	0.028996906442741496	0.014853046172599338
42	0.16581882514263327	0.04104891890914912	0.018607715433316598
43	0.19459582469966824	0.05211188491124414	0.02108686911342874
44	0.21124476687935717	0.05754073077928801	0.02235903843381377
45	0.2268464437470909	0.06500117662651711	0.022977738170462118
46	0.2393558491873021	0.06854122796151782	0.02309513290186994
47	0.24858343658438353	0.07180646442829845	0.023799954299517697
48	0.25182716284733003	0.07439006307529114	0.024579805151508316
49	0.2578845106171253	0.0764432343310963	0.02463381806262167
50	0.25361529845375985	0.07670657109618344	0.02470565023569311
51	0.2572543321149427	0.0743524708084654	0.024801377729213158
52	0.2626340560141964	0.07481322101913232	0.02492615244644869
53	0.2654675910214767	0.07595142972703227	0.025073746312684365
54	0.26805019651917655	0.07370412960887349	0.025404888353700562
55	0.27243787900711647	0.07680023822174474	0.025953740653720553
56	0.2811396856724662	0.08036529147799008	0.025285241849204467
57	0.2820652408440746	0.07920150538779713	0.025776779209512105
58	0.27460999560697996	0.07581385122755588	0.026145505810359473
59	0.27576841369295724	0.07704919480412444	0.026018768751606483
60	0.2778370129480678	0.07969373292224965	0.02630283294619736
