Window	CG_Weighted_mC	CHG_Weighted_mC	CHH_Weighted_mC
1	0.3334343385573013	0.12401462240138128	0.032949525652027925
2	0.33913084035227303	0.12725765055093277	0.033676799497547066
3	0.324090383944279	0.12746761289593764	0.033406450633092055
4	0.34118388426921653	0.12682490969689122	0.03348994986120903
5	0.34002374594764934	0.13011834812159254	0.03350934825090444
6	0.3357089363852837	0.13044411275929413	0.03308972628945093
7	0.3276393581651366	0.12629072561121046	0.033183807598592664
8	0.32613641849164077	0.12803004404197077	0.03323330903047211
9	0.33160438542633647	0.13081168284945202	0.03413454182858515
10	0.32750717413891983	0.13349378599273223	0.03427366069171608
11	0.33319290412221236	0.13307283550765517	0.034675261398787516
12	0.32113613088221205	0.13525017715379867	0.03432879071822252
13	0.32999313651384565	0.13868553354580254	0.03439530513757915
14	0.3319861975372076	0.13647067996039686	0.03489932291952122
15	0.3152313809481314	0.1335544515942188	0.03469590163884727
16	0.2928088659227261	0.12516577478306581	0.03311440085091869
17	0.2616479893141048	0.11058841302646494	0.03194432367379004
18	0.21679893393431654	0.09320085798502323	0.030554486406522103
19	0.14303448021970078	0.06213988789410936	0.026148765234474947
20	0.07465620105848374	0.03589897474883431	0.01786965051482764
21	0.04732285199372875	0.02231089118992503	0.009901798190884567
22	0.042656492096225955	0.015730192650674036	0.008388646119552864
23	0.05928578840931122	0.015898657447868038	0.008673789187771775
24	0.07352653945234895	0.015181542153779022	0.008383846063462881
25	0.0972664278049579	0.015821824629307008	0.008223107505148486
26	0.11374881699323496	0.014906173053952327	0.008182272285260797
27	0.13074208286921649	0.015619220664863095	0.007987301675779714
28	0.1422958935742145	0.01519684063457725	0.0079474350348131
29	0.14820315528454783	0.015160788182243952	0.00824127104446244
30	0.16211168085143873	0.01658887467671044	0.008755532561710794
31	0.16912586279914135	0.01590006120972678	0.008594662386022646
32	0.16841284835607923	0.015579916991523534	0.008993801874948634
33	0.16221110021538127	0.014879803682677188	0.008401878282051736
34	0.15601898735083772	0.015271620747749435	0.008212451470776436
35	0.1518890882211259	0.01599985481546008	0.00822765755756977
36	0.1445849177835615	0.016572668243155942	0.00855148799975763
37	0.13527164251519022	0.01987489250620954	0.009121990362284714
38	0.12215476477325213	0.019266565645227673	0.009036222269769722
39	0.10404348266549382	0.020474370501421254	0.009119538858924168
40	0.09303497856391298	0.02179064259165163	0.009696226602641331
41	0.14131463791615917	0.03981923852449294	0.015808351700005798
42	0.18403288741407126	0.05699465369746498	0.02063220973421976
43	0.2142243574560311	0.07028596377304631	0.02339413650775277
44	0.23140033307373373	0.07762567179057471	0.02465519939255104
45	0.24878963903665446	0.08678895232121313	0.025937270020403268
46	0.2623792064486644	0.09221226339447743	0.026223826483764853
47	0.2747459418359957	0.09676649791303414	0.027054516906261917
48	0.27865121083725086	0.10114947092573108	0.027764987003600753
49	0.2813990213821302	0.10368943325639175	0.027800704494168917
50	0.2764675837140205	0.10189782484883483	0.028085219192516025
51	0.28457619429998215	0.10095676406598934	0.028304892981365685
52	0.2898012227318608	0.10192802043743528	0.02801806812556666
53	0.29003140233086755	0.10355076035744351	0.028885377852183473
54	0.2897240305390346	0.1004114234993188	0.028946094852776237
55	0.29664515576161904	0.1039380471596269	0.02877295830726131
56	0.3034034970486691	0.10850265294469899	0.028426697763774
57	0.3097356038539099	0.10638995823332412	0.029304624120224904
58	0.3020206847022068	0.10368290203924402	0.02934058070818135
59	0.30164426124476246	0.10560972306012885	0.02887062479372338
60	0.3022440507924062	0.10700919378005996	0.029675539556325337
